-0.1440214810091823 0.00030341260346595687
-0.133849624445348 0.00030358831040753955
-0.1237077256949613 0.0003041012327027791
-0.11355196276156962 0.00030496591878391015
-0.10339568837952733 0.0003061780743388989
-0.09323928797575191 0.0003077368434277143
-0.08308292236772835 0.00030963537085864533
-0.07292651453373596 0.0003118653238180005
-0.0627701567942787 0.0003144164597599051
-0.05261379860806642 0.0003172849658744581
-0.042457390848650245 0.00032046938291437386
-0.03230108773978669 0.0003239675331581192
-0.022144906818951402 0.0003277788277225739
-0.011988827453997595 0.0003319026510238871
-0.001831181306893603 0.00033636170549657704
0.008323847884213574 0.00034109454799964855
0.01848049520651837 0.0003468567670165593
0.028636538651336602 0.00036159718904808373
0.03879283906820726 0.000387589444044859
0.048949160469261004 0.0004250996936987946
0.05910550450794364 0.0004743722682262535
0.06926185432731886 0.0005357892101764891
0.07941847591990342 0.0006100210133863429
0.0895745509981973 0.0006969545188323423
0.09973089746595849 0.0007990369332875736
0.10988724786080395 0.0009186504254472641
0.12004359813848399 0.0010559017809498117
0.13019994872516816 0.0012116553085098948
0.14035631547036492 0.0013867467433826054
0.15051266408765637 0.0015811703254286122
0.16066900353837274 0.00179494921575697
0.17082534841359456 0.002028214242121208
0.1809816897048299 0.002284634864915741
0.19113806895269486 0.0025667678514983616
0.20129441478765037 0.0028745038228598714
0.21145077551897326 0.0032078833562739287
0.2216070872649438 0.0035668990585772885
0.2317634327188576 0.003985435947843056
0.24191978207999487 0.004496729230177058
0.25207613362902787 0.0051007991816067735
0.26223248191078374 0.005795620892579249
0.2723888322810808 0.006579197905281551
0.282545180421426 0.007452240276956018
0.29270152698531904 0.008414964629764907
0.30285787486735616 0.00946875416877959
0.31301422344715546 0.010628110342180294
0.32317057230799584 0.011896925261886104
0.3333269306724235 0.013275242054120607
0.34348327610670726 0.01476291632299109
0.35363962307693797 0.01636004103385736
0.36379597106281486 0.018066613118821656
0.373952319508289 0.019882628720268393
0.38410866814620864 0.02180808619490525
0.3942650168289077 0.02384298462150381
0.40442136554599034 0.02598732381361383
0.41457771470187116 0.02824110590873537
0.4247340638566933 0.030604328671077066
0.4348904128796502 0.03307699133485787
0.44504676181328506 0.03565909405707544
0.4552031106875859 0.0383506369451267
0.465359459603714 0.04115162048447285
0.4755158084847958 0.04406204422613625
0.4856721573302688 0.04708190821310259
0.4958285061447194 0.05021121245439242
0.5059848549337026 0.053449956968618484
0.5161412039485224 0.05679814299294923
0.5262975534501537 0.060255772085189584
0.5364539039024265 0.06382284757638752
0.5466102549823326 0.0674993678783474
0.5567665988210025 0.07128528517865292
0.5669229478825861 0.07518067443254725
0.5770792970436956 0.07918550485341669
0.5872356465059704 0.08329977783499981
0.5973919967828012 0.08752349726031257
0.6075483487500984 0.09185667066523594
0.6177046927063654 0.09629922545237314
0.6278610417294759 0.10085125777718612
0.6380173909376177 0.10551535744296175
0.6481737397157376 0.11030372180629441
0.6583300890364406 0.1152179550719428
0.6684864376633592 0.12025803354619334
0.6786427867082989 0.1254285803410986
0.6887991356719638 0.13074127787586085
0.6989554846415802 0.13619672837047406
0.7091118336117965 0.1417949294131943
0.7192681825822296 0.14753588027021444
0.7294245315529322 0.15341958073120113
0.7395808805239676 0.15944603073236074
0.7497372294953331 0.1656152302487456
0.7598935784669832 0.17192717926611134
0.7700499274388302 0.17838187777346468
0.7802062764107429 0.18497932576128376
0.7903626325564252 0.19171968891843638
0.8005189805553891 0.19860261368458412
0.8106753284170485 0.2056282884231135
0.8208316762679919 0.2127967149221573
0.8309880258744725 0.22010790876070693
0.8411443744419674 0.22756183604248378
0.8513007223671587 0.23515848597143316
0.8716134171639163 0.25078010760761044
