0.11880172514118922 0.002858724552638489
0.1314394746320241 0.0029053942930604942
0.1285035442764153 0.002853857450767366
0.16125979104458976 0.0034670799227124096
0.18779971825924283 0.004160602093048872
0.20346227507397308 0.004662695513384506
0.22878055026801078 0.005637810452104385
0.24594343599596194 0.0064169022080493715
0.28492451376983796 0.00848896053958596
0.2887022094964329 0.008710667820837525
0.28893466909645404 0.008728049742086784
0.30195536494107744 0.009746771181279631
0.31007863796378227 0.01047784339402294
0.3199710145100269 0.011431600652269563
0.3355455417274958 0.013055009972324894
0.3348184350929159 0.012977575487092238
0.3683233361701709 0.01696129586931671
0.3688975159886255 0.017042301624910428
0.3703047185145991 0.01724627937244134
0.3969464836537705 0.02126070489392936
0.3980308586149887 0.021433502229237796
0.4238754345028207 0.025864325226985667
0.4278115092786189 0.026609355509174593
0.4303786748346039 0.027100812145435107
0.4373219655332284 0.028513036931507887
0.43605513557159403 0.028265176470264594
0.4657339626520369 0.035066572784486695
0.46628334683691536 0.03519277523163815
0.468073132625736 0.035685431352906596
0.47505277390100475 0.03756779520098773
0.4759063744344734 0.03780054277831441
0.4767123398866216 0.038025887468990244
0.47670284359455484 0.038018509026609505
0.49746431726162105 0.044714493880530747
0.4975136723821852 0.04473320410707
0.4990000798426087 0.04527142907512137
0.50232198545106 0.04650900485024075
0.5022990142317972 0.046468050147815
0.5023495496615599 0.046490442440947195
0.5029940366054106 0.046776818121557505
0.5179196931679961 0.05324028873011307
0.517685302162925 0.0531886015696786
0.5184076294880305 0.053489977289862996
0.5183904461000245 0.05348084153267387
0.5405956201710826 0.06487650988237843
0.5405931608323334 0.06488685168003236
0.5418168454716443 0.06559494063856164
0.5748497546970627 0.08458539083114651
0.5755467483944244 0.08501399430893954
0.57684533911988 0.08583402401763954
0.5767875710160446 0.08579723401632482
0.5833432368266603 0.09015360324025866
0.5817819227307562 0.08908406813061828
0.5849916655431581 0.09128523942081324
0.6147156457250067 0.1139084358875269
0.6342187193028956 0.12966578640950327
0.6355987106124155 0.13077458554418145
0.6666216829102708 0.15827557894759295
0.6728169464604503 0.16394638509702836
0.6736325368572561 0.1650075873370762
0.6757157419261455 0.16714542021963433
0.6846381939990027 0.1762497727454181
0.7185659254083051 0.2125862071008564
0.7174537977500209 0.2113648725097403
0.7281519091086303 0.22385474364010025
0.731562674158553 0.22796425119968264
0.7357987307845686 0.23343799941163898
0.7363372256831098 0.23415228720381862
0.7670428300700705 0.2774743308025701
0.7692920840700368 0.28086664756416446
0.7807819472508356 0.2985217465222621
0.8026698774747898 0.33371630796502577
0.8026694035547507 0.33371540576754055
0.802787969281615 0.33379851225397894
0.8055448349008807 0.3391099502124499
0.8073830653734196 0.342755393163444
0.8262373125827752 0.3836805100069258
0.8249578093296538 0.38063650985402325
0.8261132110469015 0.3832281100265448
0.8529771743059174 0.45046454876421776
0.8556669048474149 0.45755098687010415
0.8686575590270245 0.4960626257991722
0.8689878318795098 0.49706014176767815
0.8751330993606657 0.5170946848394804
0.8750463392803907 0.5170772456624969
0.8757611915070792 0.5186487686212197
0.8757295520359883 0.5183754684463198
0.8759185363419207 0.5190589656548461
0.8758798382509088 0.5185686006308142
0.8758811395705526 0.5186283339531773
0.8758632342350369 0.5185999374395917
0.875829955150715 0.5186518773170414
0.8758666110712854 0.5185971648651359
0.8758361348582763 0.5185349630538806
0.8758468116579661 0.5187092255709261
0.8758565424441438 0.5186515121242143
0.875864850360858 0.5187104131860365
0.8758595154426485 0.5187051900592261
0.8758771593648111 0.5186723557641131
0.8759603721878143 0.5187307849847688
