-0.03910039473048362 0.026804023573314704
0.07958196470862049 0.004326263065449414
0.0884878443754755 0.0028344929249798025
0.08956115444728519 0.0028384630904296567
0.07301014391590761 0.0026969166424049393
0.06527953695491083 0.002624010656716782
0.07288438099820557 0.0027027877951566943
0.09331368111507041 0.0024754720871551076
0.0933176010868994 0.0024753749318203217
0.08548928191125921 0.0024701750432951867
0.08175956288851177 0.0025600785636187727
0.09478041450020251 0.0025601650801241813
0.09501537251459216 0.0025629526219273354
0.19846555811039948 0.006598312920355819
0.24449211695949408 0.01076346155156631
0.2656161055976406 0.012747012074877575
0.22130631426717132 0.008255525143386854
0.2758704678914313 0.014087009230429309
0.5516044865092008 0.116313403530907
0.28793728241132877 0.016057882046251176
0.22855043574795605 0.008933893675613832
0.6364457278392078 0.22381884612959882
0.3353342762473484 0.02550719785258727
0.4681983216047927 0.07080244424141804
0.3987823652499496 0.04277016901082787
0.1975103537948933 0.006541633360894017
0.2792287193094328 0.015078567543311445
0.33464228454568334 0.024650716773538847
0.3309560412373958 0.02524865060196389
0.3778173567981127 0.03399165601771188
0.4242660838370638 0.04768054501749565
0.4853604148747738 0.07190160791988497
0.93255983631989 0.60326703155556
0.893873355762242 0.4658907538618635
0.5892153043288716 0.12709339332399083
0.6846451681687729 0.2010859282515133
0.3340511522955634 0.024501012100168765
0.2981778390062833 0.01829073153868427
0.3348880851348423 0.024697551958491673
0.42291969254085376 0.050554095985182436
0.46286465472656263 0.06512519160412385
0.5060553637041243 0.08363963250095598
0.5843729381692663 0.1269959911109661
0.9325580184236111 0.603214287304977
0.6904271217927285 0.2087574015186514
0.9275249271626532 0.5349524024046385
0.8465268600612595 0.3848369402097439
0.3764312651239299 0.03575748279648104
0.4385657374557948 0.056114320354787355
0.42117246717514645 0.049962148369918545
0.525461768843451 0.09410185943501832
0.6160901658423883 0.14565688584167671
0.6921217616996628 0.20168166791833367
0.7915442554342722 0.299560992761135
0.8623089286164599 0.39719865153334666
0.9276488716744259 0.5346610260759305
0.9275937550097638 0.5343280980353677
0.4651222798321919 0.06678192518243031
0.5251864871490686 0.09394284921275951
0.571066264947281 0.11854831444646838
0.6478658832068233 0.1673852666902625
0.7686656948111094 0.2769793449683735
0.8176579041592457 0.3201895896787996
0.9200785696901177 0.5124474802706981
0.9335819605742379 0.5554552504374646
0.9321671064502165 0.5519296813380905
0.5404370669174413 0.10210195802148572
0.6366673964868167 0.1607025357624777
0.6796242999679225 0.1928242925724951
0.7669456735159504 0.27487865996485183
0.838674519067282 0.35145956351714447
0.9264819572960143 0.5268657681778246
0.9363023219425395 0.5684790164677647
0.9371432406721738 0.5718227986757402
0.6804148226695087 0.19405586533737712
0.7471254928110721 0.255623910982068
0.7681399348991566 0.27624592242406854
0.8598585679157226 0.38651031850409767
0.9264578621766122 0.5267868372644288
0.9373606689836405 0.5727672749640603
0.9378042920994878 0.574102489674381
0.7767632700259186 0.28934626143591613
0.7869653839749474 0.3022583949519557
0.8815479232190113 0.4265918983627211
0.926395765258977 0.5263767251665025
0.9378111447153173 0.5741259416528791
0.938631658558004 0.5775921599560923
0.8003261399793739 0.3181346688706257
0.8992672936728084 0.46348295342755524
0.927069034748366 0.526937199120222
0.9385121029913334 0.5775948583818714
0.9386212481934968 0.5778284691616146
0.9264185290276196 0.526890362500181
0.9264091773429068 0.526442170003734
0.9386045905384387 0.57780963964286
0.9317380999300281 0.5473612341615988
0.9384829914876532 0.5773162722065915
0.9383791329053134 0.5792086099850082
0.9384416743300601 0.5791098955106903
0.9385097085654203 0.5805335436460088
