0.11095885031081669 0.0019024943424278528
0.12147067388004136 0.0019863701402087854
0.13267339303767514 0.00214733562063874
0.15222624543260366 0.0025624074712735003
0.16787798606058593 0.0030292245476590124
0.18084226395684472 0.0035024267657713234
0.18442670144661297 0.0036665955724301488
0.19603617047282781 0.004292713124144085
0.20276414082217353 0.004743076930207172
0.22389848442331658 0.006385591990562574
0.22508781134224987 0.006491948923383615
0.24014777237531956 0.007940417014341446
0.24736581484121362 0.008704351103888657
0.26671980961616903 0.01097688043550461
0.2670088667082725 0.011014860989109013
0.27279266247898226 0.011795295286491996
0.28992623054384165 0.014339834396525508
0.2929323199059465 0.014822936692399646
0.3092110694945086 0.017566946992126835
0.31648425879865133 0.018893857261631595
0.3268755147754062 0.020976267753336265
0.33374450020393265 0.022424279592230888
0.3428841113903149 0.02447416216175703
0.35138164919268283 0.02647422503187928
0.368826299161546 0.03084376620440399
0.3795943444042571 0.03374825729435749
0.39277543582813035 0.037482089793380566
0.40036926487187047 0.03965533027461757
0.40344804012624524 0.0406309168992961
0.41013293960961394 0.04282842288135021
0.42024524567183863 0.04632364943272029
0.4421888366330363 0.05426684700295502
0.45024507428538324 0.057363464794652305
0.46064938380676107 0.06150428899659069
0.4754643496059383 0.06767918839271732
0.4922702035756248 0.07496734572204888
0.5042474224505191 0.0804359999968843
0.5210410346701114 0.08831992891848493
0.5475812531314621 0.10139378486274199
0.5604006084569986 0.10782956997115059
0.5800685018731919 0.11856452067377019
0.6076769304912036 0.13407124332898646
0.6083650873228783 0.13447852244215414
0.6154342846080508 0.13884927508032205
0.6170205568546487 0.1398467783017049
0.6358800442698489 0.15220307175040507
0.6489146861132199 0.1611913970907275
0.6582902982241362 0.16796964143080004
0.6734612832344226 0.179309704017849
0.6940535545790462 0.1953299786124587
0.7203887068782061 0.21675616786281637
0.7296961403218594 0.22465133882001817
0.7438343259713969 0.23730352728926424
0.7474612287255654 0.24056617281749548
0.7527901418022415 0.24571293507841205
0.7636334388511887 0.2564058681427867
0.790667890367145 0.28425461735539514
0.7940452533521144 0.28783540874701297
0.7977233178963679 0.29198200695220794
0.7999370399504508 0.2945466684205553
0.8023218473376578 0.2974655212028868
0.8099997890015624 0.30722096649707
0.8130470789179387 0.3113168665119342
0.8175281585023307 0.31752494361129124
0.8340274050624731 0.3414286991973761
0.852268394229425 0.3683336263793689
0.8517481221945183 0.3674708757747004
0.8569613773677299 0.37604646967461247
0.8625514556371534 0.38592323998470074
0.8736370534922506 0.40590889453280776
0.8805979715365422 0.4190686840722206
0.8808762126895491 0.41975155521278706
0.8917964976477054 0.4430181524992503
0.9011382291089528 0.463273386052764
0.9031414740395278 0.46863372476747656
0.9242547742044854 0.5198646957970895
0.9338401848578348 0.5453670711690435
0.9397392374611205 0.5599579032661784
0.9430177811433889 0.5697491068084461
0.9436828305635302 0.5709222045646472
0.943918525253245 0.5714719191745427
0.943972044263895 0.5713615905601248
0.9439943989100791 0.5714864120991119
0.9440739521951105 0.571465254961515
0.9443641840392734 0.5727255557838736
0.9441846121082452 0.5732625969617805
0.9442742706124737 0.5740432816342228
0.948596659246284 0.5954600380527929
0.9487227784108443 0.5961182285554092
0.9487072899932323 0.5961384786880216
0.9490057398279678 0.5970242786076506
0.9490328917075422 0.5971092833242977
0.9491409230204851 0.597387262966434
0.9496936243562939 0.5987615821009518
0.9497561228024793 0.5997178002012468
0.9498290407784089 0.599877668111277
0.9498743373409361 0.599741959123886
0.9498063061582771 0.5993733362340385
0.9498061338514336 0.5993519544767355
0.9498062945039025 0.5993718750969722
