0.2165956370189492 0.01003197676604818
0.19168724097315543 0.010854146196166837
0.23422257153862364 0.010532439775334116
0.24601149715572024 0.011802075353848328
0.2499734596105779 0.011849272241416594
0.24384176990005182 0.011766023514991066
0.2512613212244276 0.011929917913822351
0.24360769932965026 0.011390901283811062
0.2644733588887719 0.015039295936276146
0.26362793179969957 0.013312388289466471
0.26613126215641253 0.014669336119968235
0.2690388900496133 0.013838004508474031
0.24557544141589352 0.01123609707365022
0.28871468014830726 0.017516087839325976
0.3208640308361966 0.024439003178847334
0.3082176524358802 0.023076623162830687
0.2777192757396079 0.014989525559629374
0.2766346888080956 0.015154033789549607
0.35776038762039436 0.027670383860005948
0.23972722135768262 0.011518526572026214
0.2763783042006408 0.014876141766432215
0.3183012526424103 0.02496236393741341
0.27824576349806224 0.016357372152034026
0.2666817841037927 0.018285000064771798
0.28598447717903636 0.02055854959502512
0.3293925844351673 0.032434329455803726
0.3843812226247403 0.04425920805367141
0.3333013706656209 0.03218442554310722
0.4169294137908983 0.05273056724151663
0.3613727662642465 0.03753517019042192
0.43873248663983777 0.05947864795779925
0.3930578933186703 0.04851529347858825
0.3870218103198199 0.045008999683808025
0.3879451010065677 0.04457825131216051
0.4155636957557406 0.05202132614293433
0.37930175144257 0.040959005219205945
0.4431053497292201 0.06170388509383077
0.4480113552957456 0.06689296855647948
0.3899023961183526 0.04816432947417972
0.38096762546314367 0.04006158931978857
0.4037961796253241 0.04547711239509491
0.3575932651101072 0.03681867404159077
0.4213116953730126 0.05792051727425692
0.37706484720270267 0.05659624959469962
0.44841397683562123 0.07330762462651365
0.37746841015450017 0.03924655666991626
0.38979278483789104 0.057735276534948754
0.4375823526839809 0.06043799529875596
0.44052779264784053 0.08101477261710435
0.43502343734053955 0.06349679854968632
0.4479440711108282 0.07047732231696328
0.35994454381543844 0.037065354748689563
0.4146540428848519 0.058527096739694834
0.4354490902329381 0.061625040611280574
0.4419945783619597 0.06262168679930649
0.39759587980437855 0.051686001728477794
0.41239550519113016 0.059686504380790255
0.44374878369351306 0.08485336992539613
0.4185282106592576 0.05679352789671379
0.4271496883974918 0.06064878619522797
0.3924921525980525 0.046530730415199444
0.45058139843782163 0.06940598869736121
0.4264981605369231 0.059114268981143
0.4250655005278446 0.05768454641826884
0.42339717141795585 0.0651410562158699
0.43700885112977395 0.07115544831595233
0.4515822571126613 0.06470706914597806
0.45315137217575663 0.07102136326632152
0.4411567209587481 0.06909200075455665
0.435878073948531 0.06029186620927036
0.4520605152824801 0.06753232932177594
0.44660571202399835 0.06581417057392912
0.43441239740657434 0.057747106333542395
0.4416866459439696 0.06236901734639611
0.4362347519055724 0.06427829702086937
0.4538736998503047 0.06761094590261807
0.4540959154203397 0.071107918640503
0.4492367151670997 0.06835612715699033
0.4482871535118281 0.06747176052899276
0.4447644716482711 0.06186118457430468
0.4508461323684573 0.06731082049726539
0.4518956321417533 0.07468438332573976
0.45198287812008225 0.06681067231420833
0.4623533519508712 0.08434695677405107
0.4499131220680159 0.0656638815941699
0.4559440800764521 0.08753909494909146
0.45347121226313974 0.07038735657576162
0.4526665556734765 0.06514319721433397
0.4662525761571348 0.08779133928994473
0.45371662714206323 0.07280654113480385
0.44906919896894315 0.06880450240171124
0.45921360787690974 0.07312161855752915
0.4445095155330292 0.06533205780451001
0.4417550868591843 0.0662946369837601
0.44643760002893623 0.06878833003491379
0.4442022951269863 0.06885000272777117
0.4626310992625007 0.08559153124375579
0.44770300913701394 0.06492555940765066
0.4507723975996393 0.07154018104498146
0.44855978602093266 0.06528594761833911
