-0.1440214810091823 0.00030341260346595687
0.03331405111704748 0.0003721669583950965
0.056070049190000935 0.0004584147518313445
0.07759129358088049 0.0005956856601536996
0.09661331992133819 0.0007658378170375259
0.11269121739408057 0.0009547608045973674
0.12819912438690512 0.001179436405922769
0.14341293001764227 0.0014432098360133935
0.1589613625103358 0.0017576415379102885
0.17352077865605028 0.002093714258692682
0.18579012627683797 0.0024149976740283252
0.19833652300308133 0.002782216657901819
0.21117065226810422 0.0031983236997914287
0.2223098925816168 0.003592846328982363
0.2260258112671863 0.00373758040244871
0.22982993610392974 0.0038986100625873306
0.2337257480587953 0.004077005517731366
0.23771673794396558 0.004273908082601979
0.24180621581761838 0.0044904956155700036
0.24599795548640985 0.004728120113531423
0.2503006241878922 0.004988470396437534
0.2548059775593863 0.005278817166564152
0.2595392980433586 0.005602738620093642
0.2643978623794576 0.005955199626209028
0.2693543487234447 0.006335685436771321
0.27442076581613 0.006746639928637811
0.2796218858265264 0.007191736353833672
0.2849672126529032 0.007673670371138785
0.2904630110671854 0.008195061354790053
0.2961151047762517 0.008758659072204694
0.3014039253817567 0.009311725202735726
0.30631215307114634 0.009850767728103572
0.31136326970422223 0.010432198244036538
0.3165673594358273 0.011059549453568575
0.32193084712248166 0.011736211520255927
0.32746293780013724 0.012466085030535631
0.33317050617391886 0.013253144666661984
0.3390621331422509 0.014101839157652153
0.34514690404318077 0.01501701481004397
0.3514344836021036 0.01600396161974372
0.35793519047768224 0.017068463502147135
0.3646600519019468 0.018216852665920814
0.37162086785294574 0.019456071249779505
0.3788302803675894 0.0207937408814975
0.38630185041703186 0.022238241488461322
0.39405014233112234 0.023798800723479778
0.40209082166884924 0.02548559596339658
0.4104407574442053 0.027309870225525237
0.4191181413998764 0.029284064997060412
0.42814262008167797 0.03142197237139453
0.43753544430403685 0.033738909929421364
0.4473196357401011 0.03625192210041457
0.45752017542340817 0.03898001281052581
0.4681642164756521 0.04194441497377055
0.47928132554575714 0.0451689036426544
0.4909037571890543 0.04868016099887597
0.5030667609426542 0.0525082025559553
0.5158089504687791 0.05668687896797486
0.5291727243450999 0.06125446669010344
0.5432046773982362 0.06625435881689401
0.5579562255987507 0.07173590309666407
0.5734841417179295 0.0777553679665208
0.5898514393609858 0.0843771449827447
0.6071280390908916 0.09167514512574428
0.6253913829417784 0.09973429664298197
0.6431070367774833 0.10789921367623667
0.6609426970617653 0.11650243518081715
0.6788564765685664 0.12553889552296985
0.6966431373753554 0.13494210361332779
0.715612971699983 0.14545341215326127
0.7358925432952106 0.15724104406042547
0.7576202130281681 0.17050196345283866
0.7809571985087385 0.18547279799226327
0.8060892814693842 0.20243808181431663
0.8332319455274674 0.2217424015381838
0.8626357657964329 0.24380559443304906
0.8716119638075943 0.2507789955836176
0.8716132061979558 0.2507799407131586
0.8716133455069719 0.2507800397917629
0.8716133980514608 0.250780075957281
0.8716134201364224 0.2507800909314298
0.8716134305607898 0.25078009795620676
0.8716134361777909 0.2507801017758531
0.8716134396211233 0.25078010417982227
0.8716134418546928 0.2507801058213254
0.871613443561059 0.25078010710851756
0.8716126830571641 0.25077981955457535
0.8716127912593313 0.2507799010710752
0.87161288020163 0.2507799649978209
0.8716129626007897 0.25078001657445353
0.8716130460668451 0.25078005895094535
0.8716130797980595 0.2507800728402322
0.8716131180708067 0.2507800812500003
0.8716131522686557 0.2507800829994633
0.8716131919273764 0.25078008506856914
0.8716132255258604 0.25078008818411024
0.8716132389381717 0.2507801000221711
0.8716130693883755 0.250780087953829
0.8716132048957771 0.25077997848393085
0.8716134171639163 0.25078010760761044
